(
NC_012920.1:0.07197,
NC_001643.1:0.04577,
NC_011120.1:0.06001);
